$ANSIBLE_VAULT;1.1;AES256
36393530343863623435653863353739343766316365313161643636653234376136323162666465
6461633664633035653364656439333834346432613836340a303932633632356531386231373532
39383062616635316563303738643737366265306438363863373237393636646438666230613763
3231333734306630330a363566353664343165326232616234376337656135383935643361313236
34653437623930373231623938343632353361643363663637663530356536353633303164393565
37343039653762643761376333646138656538636364343763343666386436376334616638383065
62316537636137663538303432306466663533386336393232356465393833653464333436343565
65363461376137326334306131633339356235333565643163636131346131353738626564386362
66346335613535626264393639616532643135343832306338343035393864313365636132306231
35653539383538333761333963363334656161666231323239393165613132653532663763326636
39643264616530356138623163633462626132636434643835303737346365633164643566323134
64313630666337316637343932616262303339386439336463663338653035383838666161373430
34373134363664373837316235313933346133343534616462313034616461313538376433666433
37393239393364383937363532373264316137636362333062396161323434346537326339336362
32653032333037383966323963646631313533643332313334643837653137383431316338346634
30646464376635623639323936366331396662626666653031313265623136393038666466313064
63626665306537363564393861343332643230343238346661656633386532366164393062643139
33623537383431373161653830343265343139383638303638383934376132643166653966303131
62346665643536646438316230373830383334376438326563373838396264363964373436333235
61396238303733633762666366366461663136656332623231623530303066383231623563313530
39656234393733616664613334666537303863343761376139656235376134623865373963393861
31313964663539393630623838626561653439613864656134323465646334373336633934366436
62353739643765353566616664303535343838323632626135333162663532663234306639313463
61333136343065363838333834303632386631396537383661323162653238653937613930353832
3130
